dHmix
-8.395061728
-9.351800554
-4.041522491
-4.816608997
-3.35600907
-4.86
-4.86
-4.86
-10.96
-7.012345679
-8.015122873
-13.81818182
-15.40740741
-15.40740741
-15.40740741
-15.40740741
-13.6
-13.6
-13.6
-13.6
-13.6
-11.04
-2.75
-15.12
-15.12
-15.12
-13.44
0.871231589
0.871231589
0.871231589
0.871231589
-0.25
-0.25
2.72
2.36
2.36
2.36
2.36
2.36
2.36
2.36
2.36
2.36
2.36
2.36
2.36
2.36
2.36
2.36
2.36
2.36
2.36
2.36
2.36
2.36
0.98
2.467120181
2.247933884
-2.188365651
-2.188365651
-2.188365651
2.056710775
-1.6
-1.6
-1.6
-1.6
2.72
2.72
2.72
2.72
2.72
2.72
2.72
2.72
2.72
2.72
2.72
2.72
2.72
3.5
1.75
0.795847751
-0.277777778
-1.254732288
-1.135734072
-1.777777778
-1.825
-2.209144409
-3.194706994
-3.104307583
-3.489583333
-6.14532872
-2.864197531
-2.703601108
-4.5
-3.25
-6.5
-6.5
-6.5
-6.5
-6.5
-6.5
-6.5
-6.5
-2.75
-2.617631152
-2.72
-0.25
1.432506887
-1.33
-11.83431953
-19.42857143
-24.96
-6.059171598
-9.469387755
-11.94666667
-3.75
-5.473010986
-6.276635953
-7.024812729
-8.38502061
-9.685938539
-12.32
-12.32
-12.32
-12.32
-15.3479431
-18.13609467
-20.70487718
-23.07270233
-25.25619835
-33.88888889
-12.13
-11.95
-11.77643289
-11.6
-11.44
-12.32
-13.31795463
-14.65759637
-16.52892562
-16.39053254
-19.83539095
-22.75510204
-25.23186683
-27.33333333
-17.05785124
-10.84297521
-14.38842975
-17.92
-21.56
-23.91
-4.16
-5.297052154
-6.214876033
-6.956521739
-7.555555556
-4.89
-13.25
-12.65306122
-11.85185185
-11.14583333
-1.52
-4.78
-8.65
-2.684310019
-3.402777778
-4
-4.49704142
-4.910836763
-4.78
2.5
-3.52
-4.16
-4.16
-1.6
-4.16
-4.83203125
-5.148788927
-5.628808864
-9.09
-9.09
-11.29251701
-13.2244898
-8.69
-13.06
-15.22
-3.2
-4.78
-17.92
-4.92
-12.32
-12.32
-12.32
-12.32
-12.32
-12.32
-4.78
-4.78
-4.78
-4.78
-4.78
-4.78
-4.78
-4.64
-4.2436
-31.11815301
-16.36560303
-31.11815301
-31.11815301
-12.32
-12.32
-12.32
-12.32
-12.32
-12.32
-12.32
-12.32
-12.32
-12.32
-12.32
-17.92
-17.92
-17.92
-17.92
-4.32
-6.4
-4.16
-4.16
-4.16
-4.16
-4.16
-4.16
-3.75
-3.75
-3.75
-3.75
-3.75
-3.75
-14.85207101
-16.98216735
-14.85207101
-14.85207101
-14.85207101
-14.85207101
-16.98216735
-16.98216735
-16.98216735
-4.89
-4.89
-4.89
-4.89
-4.89
-4.89
-4.89
-4.89
-2.56
-5
-1.6
2.72
0.4375
1.469387755
-2.125
0.875
3.111111111
2.64
-0.96
-12.32
-12.32
-12.32
-12.32
-12.32
-12.32
-5.040562466
-8.987654321
-11.55
2.5
2.364444444
2.224444444
2.08
1.931111111
-7.04
-4.89
-4.89
-4.89
-4.973006811
-4.973006811
-4.973006811
-4.89
-0.25
-17.44
-16.75193337
-17.38408304
-18.17283951
-17.44
-19.30578512
-4.16
-3.75
-4.16
-4.16
-3.75
-3.75
-4.16
-4.16
2.72
2.5
2.5
-10.245
1.790123457
1.795918367
1.799307958
2.26
2.14
2.36
2.44
2.5
-2.56
-2.56
-2.56
-12.32
-13.07692308
-13.95041322
-14.57788347
-14.88888889
-15.44444444
-17.2
-19.33333333
-20.86666667
-21.56
-21.97777778
2.5
-10.96296296
-15.64542936
-19.36
-22.31292517
-24.66115702
-10.99730873
-10.99730873
-10.99730873
-7.5184
-0.96
-4.16
-4.16
-4.16
-6.8576
-6.8576
-0.92
-0.882
-0.92
-6.826618379
-13.9748
-13.9748
-7.346938776
-4.383742911
-4.383742911
-4.16
-4.16
-4.16
-4.16
-4.444444444
-3.7232
-4.089746244
-4.089746244
2.72
-3.222222222
-2.93877551
-9.09
-9.09
-9.09
-9.09
-13.03169786
-14.63666667
-14.63666667
-1.777777778
-1.019390582
-0.4
0.108843537
0.52892562
-24.77777778
-12.32
-4.78
-11.94453931
-4.16
2.50
-4.04
-4.04
-4.04
-4.04
-4.04
-4.04
-34.1
-33.2
-29.7219997
-31.88
-30.38
-23.52
-2.25
2.186791383
2.37654321
2.520616319
2.675736961
-4.222222222
3.20
-14.247936
-15.385344
-16.372224
-17.208576
-8.898629818
-8.898629818
-4.38133432
-4.47743052
-4.554247
-4.84183
-4.95665152
-4.38133432
-4.47743052
-4.554247
-4.84183
-4.95665152
-1.76
-15.87
-7.91
-10.93333333
-1.47506
-1.096988712
-0.769115999
-10.86
-16.988272
-6.08
-0.53
-1.14
-11.40
-4.16
-4.16
-12.48
-12.48
-12.48
-12.48
-12.48
-9.09
-9.09
-9.09
-9.09
-9.09
-9.09
-9.09
-9.09
-5.1292
-5.1292
-2.650887574
-2.650887574
-2.650887574
-3.75
-5.591695502
-7.012345679
-7.913082843
-8.298611111
-8.646397334
-8.96
-6.120576
-6.120576
-6.120576
-4.55535104
-4.55535104
-4.55535104
-4.55535104
-5.142411887
-5.142411887
-5.142411887
-5.142411887
-5.72239944
-5.72239944
-5.72239944
-5.72239944
-5.04
-5.04
-5.04
-5.04
-4.16
-4.16
-4.16
-4.16
-4.16
-4.16
-4.16
-11.94
-11.94
-11.94
-11.94
-11.94
-11.94
-11.94
-11.94
-11.94
-11.94
-11.94
-11.94
-11.94
-5.82
-5.36
-4.9
-4.67
-12.32
-11.6888
-10.4312
-9.8048
-12.32
-17.92
-7.5744
-2.650887574
-4.2928
-4.2928
-4.2928
-4.2928
-4.2928
-4.2928
-4.16
-15.5
-12.32
-4.89
-4.89
-6.26
-6.26
-6.26
-6.26
-6.26
-6.26
-2.335
-2.335
-2.335
-2.335
-2.331
-2.331
-2.331
-2.331
-4.78
-4.78
-4.78
-4.78
-4.78
-4.78
-4.78
-4.78
-4.78
-4.78
-4.78
-4.78
-4.78
-16.84
-16.84
-16.84
-6.33
-6.33
-6.33
-6.33
2.72
-16.84
-15.12
-15.12
-15.12
-6.33
-6.33
-6.33
-5.040562466
-5.040562466
-5.040562466
-4.86
-4.86
-4.86
-8.62
-8.62
-8.62
-16.25
-16.25
-16.25
-16.25
0.16
0.16
0.16
0.16
0.16
-4
-4
-4
-4
-4
-4.92
-4.92
-4.92
-4.92
-0.25
-0.25
-0.25
-0.25
-0.96
-1.444444444
-1.632653061
-1.6875
-5.00
-5.00
-5.00
-5.00
-4.64
-4.64
-4.64
-4.64
-3.2
-3.2
-3.2
2.72
2.72
2.72
2.72
2.72
2.72
2.72
2.72
2.72
2.72
-4.64
-4.64
-4.64
-4.64
-4.64
-4.64
-6.50
-6.50
-6.50
-6.50
-6.50
-4.64
-4.64
-4.64
-4.64
-4.64
-14.27664399
-4.16
-8.977422222
-3.75
-7.3763
-7.3763
-7.3763
-1.52
-1.52
-1.52
-1.52
-1.52
-1.52
-1.52
-1.52
-1.52
-1.52
-1.52
-1.52
-1.52
-1.52
-1.52
-4.89
-4.89
-4.89
-4.89
-4.89
-5.777777778
-5.777777778
-5.777777778
-5.777777778
-5.777777778
-1.33
-1.33
-1.33
-1.33
-1.33
-4.444444444
-4.444444444
-4.444444444
-4.444444444
-4.444444444
-3.75
-3.75
-3.75
-3.75
-3.75
-4.00
-4.00
-4.00
-4.00
-4.00
-5.5
-5.5
-5.5
-5.5
-5.5
-12.76859504
-12.76859504
-12.76859504
-12.76859504
-4.16
-38.20408163
-4.16
-38.20408163
-7.640138408
-7.640138408
3.20
-13.44
-12.33560091
-12.76859504
-12.9382716
-13.44
-15.38461538
-9.798
-10.87543253
-10.87543253
-11.8635355
-11.8635355
-11.8635355
-12.77002492
-12.77002492
-10.87543253
-11.33
-10.56
-10.9216
-9.798
-10.222
-9.5192
-8.8868
-9.798
-9.798
-9.798
-9.798
-9.798
-9.798
-9.798
-9.798
-9.798
-6.553819444
-7.674074074
-11.35604938
-23.25
-23.25
-23.25
-23.25
-19.955
-19.955
-19.955
-19.955
-17.6
-17.6
-17.6
-17.6
-15.52
-21.97777778
-12.32
2.72
2.72
2.72
2.72
2.72
2.72
2.72
2.72
-4.554563528
-4.554563528
-4.554563528
-4.554563528
-4.554563528
-7.27
-7.27
-7.27
-7.27
-7.27
-7.27
-4.89
-4.89
-4.16
-4.16
-4.16
-4.16
-4.16
-4.16
-4.16
-3.75
-3.75
-3.75
-3.75
-3.75
-3.75
-3.75
-3.4172
-3.4172
-3.4172
-0.92
-0.92
-3.4172
-3.4172
-0.96
-4.16
-2.5472
-1.76
-5.00
-16.25
-16.25
-14.56
-14.56
-14.56
-14.56
-13.6656
-13.6656
-13.6656
-13.6656
-5.1292
-5.1292
-5.1292
-5.1292
2.50
-14.01996054
-6.2225
-8.5281
-11.79
-13.8336
2.50
-14.01996054
-6.2225
-8.5281
-11.79
-13.8336
-4.53223594
-4.53223594
-7.01
-7.01
-7.01
-13.9748
-13.9748
-13.9748
-13.9748
-13.9748
-13.9748
-13.9748
-13.9748
-13.9748
-10.02975207
-10.02975207
-10.02975207
-10.02975207
-10.02975207
-10.02975207
-10.96
-10.96
-10.96
-10.96
-14.77777778
-6.472337894
-17.22011898
-8.62
-8.62
-8.62
-8.62
-8.62
-8.62
-6.472337894
-17.22011898
-26.07407407
-33.39067451
-39.45022907
-16.36560303
-31.11815301
-31.11815301
-16.36560303
-31.11815301
-31.11815301
-16.25
-16.25
2.72
-3.358024691
-3.041322314
-3.75308642
-2.776859504
-2.765432099
-3.438016529
-3.950617284
-2.644628099
-0.25
-2.644628099
-4.16
-5.265344
-6.322176
-7.816464
-8.290304
-8.752016
-9.2016
-9.639056
-4.888888889
-4.888888889
-5.367729531
-5.753501249
-6.083027711
-7.27
-7.27
-7.27
-7.27
-7.27
-7.27
-4.89
-4.89
-4.89
-4.89
-4.89
-4.89
-4.89
-4.89
-4.89
-6.26
-6.26
-6.26
-6.26
-0.25
-4.702985534
-4.777777778
-6.75
-3.702479339
2.314049587
-15.50094518
-13.41666667
2.72
2.5
3.111111111
3.50
-8.44
-4.777777778
-5.632653061
-13.79591837
-7.755102041
0.8225
-4.16
-5.82
-5.36
-4.9
-4.67
-5.82
-5.36
-4.9
-4.67
0.16
-5.00
-1.60
0.4375
1.469387755
-2.125
0.875
0.16
-8.16
3.111111111
2.64
-0.96
-8.16
3.111111111
2.64
-0.96
-8.16
3.111111111
2.64
-0.96
-8.16
-5.410493827
-2.5
1.888888889
-1.92
-1.12
2.72
1.888888889
-1.92
-1.60
-1.12
2.72
1.888888889
-1.92
-1.60
-1.12
2.72
1.888888889
-1.92
-1.60
-1.12
2.72
-3.75
-3.75
-3.75
-3.75
-4.89
-4.89
-4.89
-4.16
-4.1144
-3.7232
-4.16
-3.75
-4.1144
-3.7232
-4.16
-3.75
-1.42603584
-1.347568351
-3.05526096
-10.99730873
-10.99730873
-12.4432
-12.4432
-3.75
-3.90
-4.04
-4.153596539
-4.153596539
-4.153596539
-5.82
-5.36
-4.9
-4.67
-4.16
-4.2928
-4.2928
-4.2928
-4.2928
-4.2928
-6.8576
-6.8576
-6.8576
-11.94
-7.27
-7.27
-7.27
-7.27
-7.27
-10.99730873
-1.12
2.72
2.72
-1.60
-12.0861034
-12.0861034
-12.0861034
-9.798
-9.798
-9.798
0.4375
0.4375
1.469387755
1.469387755
-2.125
-2.125
0.875
0.875
-8.1781746
-8.1781746
-8.1781746
-8.1781746
-8.1781746
-8.1781746
-8.1781746
-13.4844
-13.4844
-13.4844
-13.4844
-13.4844
-13.4844
-13.4844
-13.4844
-13.4844
-13.4844
-6.50
-6.50
-4.64
-4.64
-4.89
-4.874118387
-4.89
-4.16
-4.89
-4.16
-4.16
-4.92
-4.92
-4.92
-16.84
1.333333333
2.125
-7.5184
-7.5184
-7.5184
-7.346938776
-7.346938776
-7.346938776
-7.346938776
-7.346938776
-7.346938776
-9.09
-3.768
-3.886419753
-11.94453931
-11.94453931
-11.94453931
-11.94453931
-11.94453931
-11.94453931
-1.777777778
-0.4
0.52892562
-1.777777778
-0.4
0.52892562
-13.75206612
-13.75206612
-13.75206612
-13.75206612
-6.826618379
-6.826618379
-6.826618379
-6.826618379
-6.826618379
-14.63666667
-14.63666667
-14.63666667
-14.63666667
-14.63666667
0.980655458
-0.882
-7.5744
-7.5744
-7.5744
-7.5744
-7.5744
-4.153596539
-7.27
-7.5744
-7.5744
-7.5744
-7.5744
-7.5744
-7.5744
-7.5744
-7.5744
-7.5744
-3.2
-2.602076125
-2.666666667
-2.703601108
-2.72
-2.710743802
-2.666666667
-2.5
-7.27
-7.27
-7.27
-7.27
-0.92
-0.92
-0.92
-0.92
-0.92
-0.92
-7.27
-7.27
-7.27
-7.27
-7.27
-7.27
-7.27
-7.27
-7.27
1.888888889
-13.75
2.375
2.44
2.36
2.26
2.14
-17.44
-16.75193337
-17.38408304
-18.17283951
-17.44
-19.30578512
-17.44
-16.75193337
-17.38408304
-18.17283951
-17.44
-19.30578512
-12.32
-12.32
-12.32
-12.32
-10.74380165
-11.50
-12.32
-7.14
-8.55
-6.26
-4.89
-4.89
-4.89
-4.89
-4.16
-4.16
-4.16
-4.16
-4.16
-4.16
-4.16
-4.16
-4.16
-4.16
-4.16
-4.16
-4.16
-4.16
-4.16
-4.16
-4.16
-4.16
-4.16
-4.16
-4.16
-4.16
-4.16
-4.16
-4.16
-4.16
-0.25
2.72
-0.25
-17.44
-1
-4.16
-4.16
-4.16
-0.7424
-0.975476
-1.203718853
-1.429225838
-1.652033581
0.8225
-3.75
-4.457025
-2.93877551
-2.93877551
-2.93877551
2.72
2.72
2.72
2.72
-3.222222222
-3.222222222
-3.222222222
-2.56
3.2
3.2
3.2
3.2
3.2
3.2
-3.52
-1.6
0.08
1.52
2.72
2.72
3.2
2.72
4.16
-17.92
-3.537414966
-3.259259259
2.5
1.26
0.135
-0.87
-1.76
-12.32
-12.32
-12.32
-12.32
-12.32
-12.32
-4.89
-2.650887574
3.111111111
2.666666667
3.5
3.5
3.5
3.5
3.5
2.72
2.72
2.72
2.72
-4.89
-4.89
-4.89
-4.89
-4.89
-4.89
-4.89
-4.89
-4.16
-7.04
-7.04
-7.04
-7.04
-13.9748
-13.9748
-13.9748
-13.9748
-13.9748
-13.9748
-13.9748
-13.9748
-14.2653
-14.2653
-14.2653
-14.2653
-14.2653
-17.44
-12.32
-4.64
-4.64
-4.64
-4.16
-17.92
-4.16
-4.76
-4.76
-4.84
-4.005
-11.27873016
-9.7426
-10.0974
-13.91608889
-13.68622222
-0.96
-0.96
-0.96
-2.716658499
-2.716658499
-2.716658499
-5.0098336
-5.0098336
-5.0098336
2.72
2.72
2.72
2.72
2.72
2.72
-17.9925
-12.88888889
-3.777777778
-2.7
-2.52
-2.3
